1 0.206429 0.212381 0.104286 0.062857
1 0.205714 0.268571 0.137143 0.057143
1 0.324286 0.724762 0.134286 0.188571
1 0.285714 0.617143 0.134286 0.163810
1 0.280714 0.523810 0.144286 0.156190
1 0.264286 0.441905 0.125714 0.129524
1 0.246429 0.377143 0.115714 0.095238
1 0.465714 0.623810 0.122857 0.146667
1 0.439286 0.502857 0.112857 0.148571
1 0.418571 0.436190 0.114286 0.106667
1 0.405714 0.380952 0.097143 0.129524
1 0.360714 0.319048 0.095714 0.127619
1 0.348571 0.252381 0.097143 0.120000
1 0.326429 0.906667 0.232857 0.186667
1 0.547143 0.780000 0.145714 0.135238
1 0.568571 0.909524 0.337143 0.180952
1 0.625714 0.600952 0.137143 0.135238
1 0.596429 0.512381 0.135714 0.125714
1 0.570000 0.419048 0.148571 0.106667
1 0.528571 0.346667 0.180000 0.095238
1 0.502857 0.266667 0.174286 0.076190
1 0.595000 0.248571 0.212857 0.493333
1 0.675714 0.250476 0.242857 0.497143
1 0.749286 0.245714 0.238571 0.487619
1 0.832857 0.196190 0.282857 0.388571
1 0.736429 0.619048 0.247143 0.220952
1 0.736429 0.264762 0.510000 0.525714
1 0.452857 0.502857 0.665714 0.994286
